    ID    hull distance (eV/atom)    Num_atom
     0                   0.000000    (7, 0, 10)
     7                   0.000000    (11, 0, 10)
    10                   0.000000    (0, 2, 11)
    19                   0.000000    (0, 2, 2)
    12                   0.118332    (10, 11, 12)
     9                   0.164658    (6, 2, 2)
     6                   0.166084    (3, 12, 6)
    17                   0.204879    (10, 2, 4)
     5                   0.210831    (6, 6, 12)
    18                   0.257242    (0, 4, 8)
     3                   0.268144    (5, 10, 10)
    13                   0.276016    (1, 7, 2)
     2                   0.315112    (0, 8, 2)
     4                   0.332779    (8, 7, 2)
     1                   0.334294    (10, 6, 7)
    14                   0.410135    (7, 10, 7)
     8                   0.513439    (7, 11, 9)
    15                   0.562437    (7, 5, 10)
    16                   0.798542    (10, 6, 12)
    11                   0.799670    (10, 3, 0)
