    Gen  Spg_num Spg_sym  Spg_num_opt Spg_sym_opt  E_eV_atom  Ef_eV_atom      Num_atom  Magmom   Opt
14    1      166    R-3m          166        R-3m  -4.474291   -0.855541     (7, 0, 9)     NaN  done
12    1       82     I-4           82         I-4  -5.029498   -0.829498    (7, 8, 12)     NaN  done
18    1       34    Pnn2           34        Pnn2  -4.938056   -0.775556  (10, 10, 12)     NaN  done
19    1       44    Imm2           44        Imm2  -4.623166   -0.723166   (11, 5, 12)     NaN  done
17    1       23    I222           23        I222  -5.236705   -0.717657    (5, 11, 5)     NaN  done
4     1       10    P2/m           10        P2/m  -4.895201   -0.603897    (9, 11, 3)     NaN  done
16    1      162   P-31m          162       P-31m  -5.203585   -0.588201   (2, 12, 12)     NaN  done
9     1      104    P4nc          107        I4mm  -4.445848   -0.523626    (10, 6, 2)     NaN  done
13    1      107    I4mm          107        I4mm  -4.709960   -0.484960   (11, 12, 5)     NaN  done
5     1      102  P4_2nm          102      P4_2nm  -4.646248   -0.460534   (12, 12, 4)     NaN  done
0     1      183    P6mm          183        P6mm  -4.551133   -0.434466     (8, 7, 3)     NaN  done
1     1      157    P31m          157        P31m  -4.218916   -0.418916     (9, 3, 8)     NaN  done
8     1       85    P4/n           85        P4/n  -4.869013   -0.338244   (4, 12, 10)     NaN  done
7     1      123  P4/mmm          123      P4/mmm  -3.839170   -0.334170    (12, 1, 7)     NaN  done
6     1       22    F222           22        F222  -4.561731   -0.198398   (7, 12, 11)     NaN  done
10    1      102  P4_2nm          102      P4_2nm  -4.391446   -0.129908    (8, 10, 8)     NaN  done
2     1      157    P31m          157        P31m  -3.867861   -0.117861    (11, 5, 0)     NaN  done
3     1       47    Pmmm          123      P4/mmm  -4.035798    0.001702     (8, 6, 2)     NaN  done
15    1      229   Im-3m          229       Im-3m  -3.050654    0.356488    (10, 1, 3)     NaN  done
11    1      107    I4mm          107        I4mm  -3.584484    0.578016     (5, 5, 6)     NaN  done