    ID    ('Ga', 'Ni', 'Nd')
     0    (8, 7, 3)
     1    (9, 3, 8)
     2    (11, 5, 0)
     3    (8, 6, 2)
     4    (9, 11, 3)
     5    (12, 12, 4)
     6    (7, 12, 11)
     7    (12, 1, 7)
     8    (4, 12, 10)
     9    (10, 6, 2)
    10    (8, 10, 8)
    11    (5, 5, 6)
    12    (7, 8, 12)
    13    (11, 12, 5)
    14    (7, 0, 9)
    15    (10, 1, 3)
    16    (2, 12, 12)
    17    (5, 11, 5)
    18    (10, 10, 12)
    19    (11, 5, 12)
    20    (9, 9, 12)
    21    (9, 9, 8)
    22    (9, 6, 12)
    23    (8, 10, 3)
    24    (7, 11, 7)
    25    (9, 11, 3)
    26    (10, 10, 12)
    27    (7, 0, 9)
    28    (2, 12, 12)
    29    (9, 9, 12)
    30    (6, 12, 5)
    31    (9, 12, 3)
    32    (2, 11, 10)
    33    (4, 0, 9)
    34    (5, 7, 12)
    35    (11, 6, 11)
    36    (3, 11, 12)
    37    (7, 8, 12)
    38    (10, 12, 4)
    39    (4, 2, 12)
