Element Structure Energy (eV/atom) a (A)  b (A)   c (A)  MagInit
H       dia     -0.917883738356e0 3.75    3.75    3.75   0.01
He      sc      -5.786186616829e0 3.57    3.57    3.57   0.01
Li      bcc     -1.490453444003e1 3.49    3.49    3.49   0.01
Be      hcp     -6.543984556678e0 2.29    2.29    3.74   0.01
B       dia     -1.096733636160e1 5.06    5.06    5.06   0.01
C       dia     -1.776585222084e1 3.57    3.57    3.57   0.01
N       dia     -2.760768146583e1 3.50    3.50    3.50   0.01
O       sc      -4.115726166204e1 3.43    3.43    3.43   0.01
F       sc      -5.907660867817e1 3.00    3.00    3.00   0.01
Ne      sc      -8.202622202688e1 4.43    4.43    4.43   0.01
Na      bcc     -1.091561523428e2 4.23    4.23    4.23   0.01
Mg      hcp     -1.412903496181e2 3.21    3.21    5.24   0.01
Al      fcc     -3.922766118682e1 4.05    4.05    4.05   0.01
Si      dia     -4.632900599929e1 5.43    5.43    5.43   0.01
P       sc      -5.514219791075e1 3.34    3.34    3.34   0.01
S       sc      -6.599215024064e1 3.60    3.60    3.60   0.01
Cl      sc      -7.919962200911e1 3.60    3.60    3.60   0.01
Ar      sc      -9.508291995469e1 5.26    5.26    5.26   0.01
K       bcc     -1.129366752150e2 5.23    5.23    5.23   0.01
Ca      fcc     -1.333812857984e2 5.58    5.58    5.58   0.01
Sc      hcp     -1.566261140829e2 3.31    3.31    5.41   0.40
Ti      hcp     -1.832082232405e2 2.95    2.95    4.82   0.40
V       bcc     -2.134165611876e2 3.03    3.03    3.03  -0.40
Cr      bcc     -2.475330614248e2 2.88    2.88    2.88  -0.40
Mn      bcc     -2.858368988093e2 2.97    2.97    2.97  -0.40
Fe      bcc     -3.286057800445e2 2.87    2.87    2.87   0.60
Co      hcp     -3.761165054016e2 2.51    2.51    4.10   0.60
Ni      fcc     -4.286453048101e2 3.52    3.52    3.52   0.60
Cu      fcc     -2.127795026829e2 3.61    3.61    3.61   0.01
Zn      hcp     -2.434243516297e2 2.66    2.66    4.34   0.01
Ga      dia     -2.777144769999e2 4.51    4.51    4.51   0.01
Ge      dia     -3.152133654035e2 5.66    5.66    5.66   0.01
As      sc      -1.756494727011e2 5.72    5.72    5.72   0.01
Se      sc      -4.015579393499e2 5.72    5.72    5.72   0.01
Br      sc      -4.507696370541e2 5.72    5.72    5.72   0.01
Kr      sc      -5.042516733029e2 5.72    5.72    5.72   0.01
Rb      bcc     -2.398536190468e2 5.59    5.59    5.59   0.01
Sr      fcc     -2.601309986779e2 6.08    6.08    6.08   0.01
Y       hcp     -2.822666939395e2 3.65    3.65    5.73   0.01
Zr      hcp     -3.066778048536e2 3.23    3.23    5.15   0.01
Nb      bcc     -3.335608618147e2 3.30    3.30    3.30   0.01
Mo      bcc     -3.631012342718e2 3.15    3.15    3.15   0.01
Tc      hcp     -3.954794597095e2 2.74    2.74    4.39   0.01
Ru      hcp     -4.308734065347e2 2.71    2.71    4.28   0.01
Rh      fcc     -4.694590083072e2 3.80    3.80    3.80   0.01
Pd      fcc     -3.306942431319e2 3.89    3.89    3.89   0.01
Ag      fcc     -3.549791450851e2 4.09    4.09    4.09   0.01
Cd      hcp     -3.813379758191e2 2.98    2.98    5.62   0.01
In      hcp     -4.105863577400e2 3.46    3.46    5.65   0.01
Sn      dia     -4.417830856464e2 6.49    6.49    6.49   0.01
Sb      sc      -3.473606240796e2 6.20    6.20    6.20   0.01
Te      sc      -3.623781559624e2 6.20    6.20    6.20   0.01
I       sc      -3.788029916980e2 6.20    6.20    6.20   0.01
Xe      sc      -5.933756062375e2 6.20    6.20    6.20   0.01
Cs      bcc     -4.156989372335e2 6.05    6.05    6.05   0.01
Ba      bcc     -4.360433722223e2 5.02    5.02    5.02   0.01
La      dhcp    -4.577883504197e2 3.75    3.75   12.25   0.01
Ce      fcc     -4.713064434845e2 5.16    5.16    5.16   0.01
Pr      dhcp    -4.849909131747e2 3.67    3.67   11.99   0.01
Nd      dhcp    -4.988699925146e2 3.66    3.66   11.95   0.01
Pm      dhcp    -5.129595125921e2 3.64    3.64   11.89   0.01
Sm      dhcp    -5.272699748694e2 3.62    3.62   11.82   0.01
Eu      bcc     -5.418091777957e2 4.61    4.61    4.61   0.01
Gd      hcp     -5.565834010913e2 3.63    3.63    5.93   0.50
Tb      hcp     -5.715980160135e2 3.60    3.60    5.88   0.50
Dy      hcp     -5.868578205466e2 3.59    3.59    5.86   0.50
Ho      hcp     -6.023672258601e2 3.58    3.58    5.85   0.50
Er      hcp     -6.181303955229e2 3.56    3.56    5.81   0.50
Tm      hcp     -6.341513449034e2 3.54    3.54    5.78   0.50
Yb      fcc     -6.406046982131e2 5.49    5.49    5.49   0.01
Lu      hcp     -6.669821238202e2 3.51    3.51    5.73   0.01
Hf      hcp     -6.956807744558e2 3.20    3.20    5.05   0.01
Ta      bcc     -1.228505202575e3 3.30    3.30    3.30   0.01
W       bcc     -7.594198086191e2 3.17    3.17    3.17   0.01
Re      hcp     -7.947859940333e2 2.76    2.76    4.46   0.01
Os      hcp     -8.326370388725e2 2.73    2.73    4.32   0.01
Ir      fcc     -7.208703999272e2 3.84    3.84    3.84   0.01
Pt      fcc     -7.468528149627e2 3.92    3.92    3.92   0.01
Au      fcc     -7.749046218289e2 4.08    4.08    4.08   0.01
Hg      hcp     -8.049620553140e2 3.00    3.00    3.00   0.01
Tl      hcp     -8.366159784523e2 3.46    3.46    5.65   0.01
Pb      fcc     -8.702962662319e2 4.95    4.95    4.95   0.01
Bi      sc      -9.060934677685e2 6.20    6.20    6.20   0.01
Po      sc      -9.440975723480e2 3.36    3.36    3.36   0.01
At      sc      -9.843991168076e2 3.36    3.36    3.36   0.01
Rn      sc      -1.027089311419e3 6.40    6.40    6.40   0.01
Fr      bcc     -1.071598254476e3 6.05    6.05    6.05   0.01
Ra      bcc     -1.118351854477e3 6.05    6.05    6.05   0.01
Ac      fcc     -9.374523548289e2 6.05    6.05    6.05   0.01
Th      fcc     -9.655512776059e2 5.08    5.08    5.08   0.01
Pa      fcc     -9.956561377529e2 5.08    5.08    5.08   0.01
U       fcc     -1.027848891569e3 5.08    5.08    5.08   0.01
Np      fcc     -1.062338387364e3 5.08    5.08    5.08   0.01
Pu      fcc     -1.099260041318e3 5.08    5.08    5.08   0.01
