    ID    hull distance (eV/atom)    Num_atom
     0                   0.000000    (1, 0, 2)
     2                   0.000000    (6, 0, 0)
     1                   0.000000    (1, 4, 0)
     4                   0.000000    (12, 0, 6)
     5                   0.000000    (5, 2, 2)
    10                   0.000000    (8, 0, 2)
     8                   0.000000    (0, 9, 7)
     9                   0.000000    (8, 8, 7)
    12                   0.000000    (1, 7, 6)
    11                   0.000000    (8, 7, 8)
    18                   0.169023    (2, 11, 3)
    16                   0.249541    (6, 10, 2)
    13                   0.282294    (2, 6, 1)
     7                   0.307285    (7, 5, 8)
    14                   0.367969    (6, 0, 9)
     6                   0.596273    (3, 9, 6)
    17                   0.752408    (10, 4, 10)
    19                   0.909826    (0, 4, 7)
    15                   1.027077    (6, 12, 10)
     3                   1.809338    (11, 6, 3)
