    Gen  Spg_num Spg_sym  Spg_num_opt Spg_sym_opt  E_eV_atom  Ef_eV_atom        Num_atom  Magmom   Opt
0     1       20  C222_1           20      C222_1  -7.903743    0.210543    (0, 6, 6, 2)     NaN  done
1     1      146      R3          146          R3  -6.613870   -0.522203  (10, 2, 10, 2)     NaN  done
2     1       89    P422          123      P4/mmm  -6.570128   -0.461795   (10, 9, 8, 9)     NaN  done
3     1        3      P2            3          P2  -7.356700   -1.266700    (1, 7, 0, 8)     NaN  done
4     1       10    P2/m           10        P2/m  -7.485742    0.485837   (4, 10, 5, 0)     NaN  done
5     1      115   P-4m2          115       P-4m2  -5.763310    0.636690   (10, 5, 9, 2)     NaN  done
6     1      148     R-3          166        R-3m  -6.521583   -0.695868    (6, 4, 5, 6)     NaN  done
7     1      149    P312          187       P-6m2  -4.212641    0.719740   (12, 3, 2, 4)     NaN  done
8     1      143      P3          143          P3  -7.297671   -0.435318    (4, 3, 8, 2)     NaN  done
9     1      175    P6/m          191      P6/mmm  -5.799256    0.186261   (12, 6, 7, 4)     NaN  done
10    1       35    Cmm2           35        Cmm2  -7.930913    0.297658   (0, 11, 7, 3)     NaN  done
12    1      166    R-3m          166        R-3m  -5.881221   -0.281221   (10, 3, 5, 3)     NaN  done
13    1       38    Amm2           38        Amm2  -6.623587   -1.663587    (2, 0, 4, 7)     NaN  done
14    1      143      P3          143          P3  -6.137662   -0.684996   (12, 3, 8, 7)     NaN  done
11    1        2     P-1            2         P-1  -7.209410   -0.933299  (6, 7, 12, 11)     NaN  done
15    1      224   Pn-3m          224       Pn-3m  -7.224544    0.532599   (0, 10, 0, 4)     NaN  done
16    1      183    P6mm          183        P6mm  -5.641405    0.343929    (9, 9, 4, 8)     NaN  done
17    1      189   P-62m          189       P-62m  -5.817333   -0.570970    (8, 3, 4, 7)     NaN  done
18    1       23    I222           23        I222  -6.965042   -1.053503    (5, 4, 8, 9)     NaN  done
19    1      187   P-6m2          187       P-6m2  -5.651131    0.240407    (7, 3, 9, 7)     NaN  done