    ID    ('Al', 'Cr', 'Fe', 'Y')
     0    (0, 6, 6, 2)
     1    (10, 2, 10, 2)
     2    (10, 9, 8, 9)
     3    (1, 7, 0, 8)
     4    (4, 10, 5, 0)
     5    (10, 5, 9, 2)
     6    (6, 4, 5, 6)
     7    (12, 3, 2, 4)
     8    (4, 3, 8, 2)
     9    (12, 6, 7, 4)
    10    (0, 11, 7, 3)
    11    (6, 7, 12, 11)
    12    (10, 3, 5, 3)
    13    (2, 0, 4, 7)
    14    (12, 3, 8, 7)
    15    (0, 10, 0, 4)
    16    (9, 9, 4, 8)
    17    (8, 3, 4, 7)
    18    (5, 4, 8, 9)
    19    (7, 3, 9, 7)
