    ID    hull distance (eV/atom)    Num_atom
     3                   0.000000    (2, 2, 11, 7)
     5                   0.000000    (12, 2, 1, 10)
     6                   0.000000    (10, 2, 12, 8)
    11                   0.000000    (1, 2, 9, 0)
    13                   0.000000    (7, 2, 6, 12)
    15                   0.000000    (6, 2, 8, 12)
    16                   0.000000    (3, 2, 7, 10)
     2                   0.037018    (11, 2, 6, 5)
     1                   0.088777    (8, 2, 4, 0)
    18                   0.106197    (10, 2, 10, 11)
    14                   0.141179    (7, 2, 4, 4)
    10                   0.261257    (7, 2, 11, 1)
    17                   0.307995    (6, 2, 7, 8)
     9                   0.505390    (12, 2, 12, 0)
    19                   0.508098    (3, 2, 4, 1)
    12                   0.540116    (6, 2, 6, 12)
     7                   0.702634    (5, 2, 4, 10)
     0                   0.718574    (7, 2, 2, 5)
     4                   0.863602    (5, 2, 8, 6)
     8                   1.405662    (2, 2, 0, 9)
