    Gen  Spg_num Spg_sym  Spg_num_opt Spg_sym_opt  E_eV_atom  Ef_eV_atom         Num_atom  Magmom   Opt
0     1       47    Pmmm           47        Pmmm  -5.058717    0.340033     (7, 2, 2, 5)     NaN  done
1     1       10    P2/m           47        Pmmm  -5.909621   -0.343906     (8, 2, 4, 0)     NaN  done
2     1      160     R3m          160         R3m  -5.958488   -0.502655    (11, 2, 6, 5)     NaN  done
3     1       82     I-4           82         I-4  -7.482838   -0.888293    (2, 2, 11, 7)     NaN  done
4     1      174     P-6          189       P-62m  -6.060138    0.068434     (5, 2, 8, 6)     NaN  done
5     1      150    P321          189       P-62m  -5.245904   -0.258704   (12, 2, 1, 10)     NaN  done
6     1       48    Pnnn           71        Immm  -6.639872   -0.771122   (10, 2, 12, 8)     NaN  done
7     1       23    I222           23        I222  -5.583512    0.164107    (5, 2, 4, 10)     NaN  done
8     1      123  P4/mmm          123      P4/mmm  -4.323568    1.405662     (2, 2, 0, 9)     NaN  done
9     1      183    P6mm          183        P6mm  -5.868053   -0.018823   (12, 2, 12, 0)     NaN  done
14    1      189   P-62m          189       P-62m  -6.024952   -0.390834     (7, 2, 4, 4)     NaN  done
11    1      146      R3          146          R3  -8.530795   -1.135795     (1, 2, 9, 0)     NaN  done
12    1      117   P-4b2          127      P4/mbm  -5.862269   -0.091500    (6, 2, 6, 12)     NaN  done
13    1      148     R-3          166        R-3m  -6.317566   -0.622010    (7, 2, 6, 12)     NaN  done
15    1       85    P4/n          129      P4/nmm  -6.620415   -0.733272    (6, 2, 8, 12)     NaN  done
16    1      143      P3          143          P3  -6.958636   -0.803182    (3, 2, 7, 10)     NaN  done
17    1      115   P-4m2          115       P-4m2  -6.312944   -0.406857     (6, 2, 7, 8)     NaN  done
18    1      119   I-4m2          119       I-4m2  -6.312099   -0.578766  (10, 2, 10, 11)     NaN  done
19    1       71    Immm           71        Immm  -6.640949   -0.178949     (3, 2, 4, 1)     NaN  done
10    1      157    P31m          157        P31m  -6.709712   -0.453521    (7, 2, 11, 1)     NaN   not