    ID    ('Al', 'C', 'Mn', 'Ni')
     0    (7, 2, 2, 5)
     1    (8, 2, 4, 0)
     2    (11, 2, 6, 5)
     3    (2, 2, 11, 7)
     4    (5, 2, 8, 6)
     5    (12, 2, 1, 10)
     6    (10, 2, 12, 8)
     7    (5, 2, 4, 10)
     8    (2, 2, 0, 9)
     9    (12, 2, 12, 0)
    10    (7, 2, 11, 1)
    11    (1, 2, 9, 0)
    12    (6, 2, 6, 12)
    13    (7, 2, 6, 12)
    14    (7, 2, 4, 4)
    15    (6, 2, 8, 12)
    16    (3, 2, 7, 10)
    17    (6, 2, 7, 8)
    18    (10, 2, 10, 11)
    19    (3, 2, 4, 1)
