    Gen  Spg_num Spg_sym  Spg_num_opt Spg_sym_opt  E_eV_atom  Ef_eV_atom     Num_atom  Magmom   Opt
0     1      187   P-6m2          187       P-6m2  -5.166939   -0.433606    (1, 0, 2)     NaN  done
2     1       82     I-4           82         I-4  -6.014156   -0.014156    (6, 0, 0)     NaN  done
1     1      107    I4mm          139      I4/mmm  -7.992064   -0.152064    (1, 4, 0)     NaN  done
3     1      215   P-43m          215       P-43m  -5.086157    1.318843   (11, 6, 3)     NaN  done
6     1      225   Fm-3m          225       Fm-3m  -6.285959    0.230708    (3, 9, 6)     NaN  done
4     1        5      C2            5          C2  -6.228414   -0.861747   (12, 0, 6)     NaN  done
5     1        5      C2           12        C2/m  -6.770426   -0.681537    (5, 2, 2)     NaN  done
7     1      119   I-4m2          119       I-4m2  -6.143983   -0.328983    (7, 5, 8)     NaN  done
10    1      190   P-62c          194    P6_3/mmc  -6.186582   -0.566582    (8, 0, 2)     NaN  done
8     1       25    Pmm2           25        Pmm2  -6.552741   -0.090241    (0, 9, 7)     NaN  done
9     1       42    Fmm2           42        Fmm2  -6.850714   -0.628975    (8, 8, 7)     NaN  done
12    1      148     R-3          148         R-3  -6.566346   -0.230632    (1, 7, 6)     NaN  done
13    1       82     I-4           82         I-4  -7.341966   -0.019743    (2, 6, 1)     NaN  done
14    1      119   I-4m2          119       I-4m2  -5.011265   -0.151265    (6, 0, 9)     NaN  done
11    1      146      R3          146          R3  -6.712010   -0.672879    (8, 7, 8)     NaN  done
15    1       47    Pmmm           47        Pmmm  -5.731588    0.575554  (6, 12, 10)     NaN  done
16    1      112   P-42c          112       P-42c  -7.201394   -0.134727   (6, 10, 2)     NaN  done
17    1      139  I4/mmm          139      I4/mmm  -5.500737    0.090930  (10, 4, 10)     NaN  done
18    1      221   Pm-3m          221       Pm-3m  -7.313972   -0.088972   (2, 11, 3)     NaN  done
19    1      119   I-4m2          119       I-4m2  -4.775784    0.851488    (0, 4, 7)     NaN  done