    ID    hull distance (eV/atom)    Num_atom
     0                   0.000000    (8, 4, 11)
    14                   0.000000    (2, 7, 5)
    16                   0.000000    (2, 4, 0)
     4                   0.031780    (6, 0, 3)
     5                   0.046948    (6, 10, 8)
    13                   0.063713    (6, 8, 7)
    12                   0.090208    (12, 12, 2)
    18                   0.098399    (12, 10, 10)
     1                   0.146599    (0, 12, 6)
     2                   0.169323    (0, 9, 3)
     8                   0.169828    (8, 8, 8)
    19                   0.199137    (8, 12, 6)
     7                   0.275318    (3, 5, 12)
    17                   0.458504    (6, 5, 12)
    15                   0.919281    (6, 12, 4)
     3                   1.039248    (6, 5, 7)
    10                   1.208644    (6, 12, 2)
     6                   1.212250    (6, 10, 5)
    11                   1.343960    (8, 2, 5)
