    ID    hull distance (eV/atom)    Num_atom
     2                   0.000000    (11, 5, 0)
     4                   0.000000    (9, 11, 3)
     9                   0.000000    (10, 6, 2)
    14                   0.000000    (7, 0, 9)
    12                   0.000000    (7, 8, 12)
    16                   0.000000    (2, 12, 12)
    17                   0.000000    (5, 11, 5)
    18                   0.002517    (10, 10, 12)
    19                   0.063771    (11, 5, 12)
     5                   0.135684    (12, 12, 4)
    13                   0.148087    (11, 12, 5)
     0                   0.170089    (8, 7, 3)
     7                   0.251362    (12, 1, 7)
     8                   0.323702    (4, 12, 10)
     1                   0.329584    (9, 3, 8)
     3                   0.557088    (8, 6, 2)
     6                   0.564515    (7, 12, 11)
    10                   0.609019    (8, 10, 8)
    15                   0.758401    (10, 1, 3)
    11                   1.356089    (5, 5, 6)
