    Gen  Spg_num   Spg_sym  Spg_num_opt Spg_sym_opt  E_eV_atom  Ef_eV_atom      Num_atom  Magmom   Opt
7     1      143        P3          143          P3  -6.860151   -0.131580   (11, 0, 10)     NaN  done
0     1      107      I4mm          107        I4mm  -6.476003   -0.117180    (7, 0, 10)     NaN  done
19    1      227     Fd-3m          227       Fd-3m  -4.516644   -0.066644     (0, 2, 2)     NaN  done
10    1      221     Pm-3m          221       Pm-3m  -4.883257   -0.052488    (0, 2, 11)     NaN  done
12    1       12      C2/m           12        C2/m  -5.602872    0.030461  (10, 11, 12)     NaN  done
9     1      183      P6mm          183        P6mm  -6.650605    0.109395     (6, 2, 2)     NaN  done
6     1      150      P321          150        P321  -4.733431    0.109426    (3, 12, 6)     NaN  done
5     1      150      P321          189       P-62m  -5.436751    0.113249    (6, 6, 12)     NaN  done
17    1       34      Pnn2           34        Pnn2  -6.789201    0.135799    (10, 2, 4)     NaN  done
3     1       89      P422          123      P4/mmm  -5.031177    0.188823   (5, 10, 10)     NaN  done
18    1       74      Imma           65        Cmmm  -4.435920    0.197414     (0, 4, 8)     NaN  done
13    1      166      R-3m          166        R-3m  -4.323645    0.236355     (1, 7, 2)     NaN  done
1     1      147       P-3          147         P-3  -5.897629    0.250197    (10, 6, 7)     NaN  done
2     1      136  P4_2/mnm          136    P4_2/mnm  -3.831546    0.288454     (0, 8, 2)     NaN  done
4     1        8        Cm            8          Cm  -5.799729    0.300271     (8, 7, 2)     NaN  done
14    1      149      P312          187       P-6m2  -5.170832    0.333335    (7, 10, 7)     NaN  done
8     1      166      R-3m          166        R-3m  -4.972108    0.435299    (7, 11, 9)     NaN  done
15    1      119     I-4m2          119       I-4m2  -5.339520    0.460480    (7, 5, 10)     NaN  done
16    1      125    P4/nbm          123      P4/mmm  -5.247877    0.694980   (10, 6, 12)     NaN  done
11    1      189     P-62m          189       P-62m  -6.484945    0.799670    (10, 3, 0)     NaN  done