    ID    hull distance (eV/atom)    Num_atom
    10                   0.000000    (4, 12)
     2                   0.007191    (1, 5)
    18                   0.015322    (4, 12)
     0                   0.039858    (2, 8)
     4                   0.102494    (6, 6)
     1                   0.107755    (8, 8)
     8                   0.163605    (4, 10)
    17                   0.177314    (11, 3)
    12                   0.190854    (6, 12)
    13                   0.210943    (12, 11)
     3                   0.212604    (12, 9)
     9                   0.231302    (8, 0)
    14                   0.254996    (2, 10)
    15                   0.280286    (6, 7)
     6                   0.291244    (10, 12)
    11                   0.303026    (12, 5)
     7                   0.390927    (8, 7)
    19                   0.487343    (4, 4)
    16                   0.803652    (1, 4)
     5                   0.922636    (9, 6)
