    ID    hull distance (eV/atom)    Num_atom
     1                   0.000000    (2, 0, 6)
     2                   0.000000    (3, 1, 10)
     4                   0.000000    (0, 4, 11)
     6                   0.000000    (0, 5, 2)
     7                   0.000000    (12, 3, 11)
     9                   0.000000    (4, 6, 8)
    10                   0.000000    (3, 0, 0)
    13                   0.000000    (0, 4, 1)
    15                   0.000000    (1, 1, 1)
    19                   0.000000    (5, 10, 1)
     8                   0.236956    (6, 10, 4)
     5                   0.243235    (12, 4, 12)
     0                   0.449099    (7, 2, 1)
    16                   0.460035    (5, 3, 12)
    18                   0.520537    (0, 6, 8)
     3                   0.536522    (5, 5, 12)
    12                   0.986833    (7, 2, 7)
    17                   1.377106    (5, 12, 9)
    14                   2.031054    (7, 9, 10)
