    ID    hull distance (eV/atom)    Num_atom
     1                   0.000000    (10, 2, 10, 2)
     3                   0.000000    (1, 7, 0, 8)
    13                   0.000000    (2, 0, 4, 7)
     8                   0.064066    (4, 3, 8, 2)
    11                   0.064204    (6, 7, 12, 11)
    18                   0.078891    (5, 4, 8, 9)
    14                   0.131541    (12, 3, 8, 7)
     0                   0.210543    (0, 6, 6, 2)
     6                   0.240532    (6, 4, 5, 6)
    12                   0.272380    (10, 3, 5, 3)
    10                   0.297658    (0, 11, 7, 3)
     2                   0.367518    (10, 9, 8, 9)
    17                   0.412059    (8, 3, 4, 7)
     4                   0.485837    (4, 10, 5, 0)
    15                   0.532599    (0, 10, 0, 4)
     9                   0.729018    (12, 6, 7, 4)
     5                   1.091132    (10, 5, 9, 2)
    16                   1.149263    (9, 9, 4, 8)
    19                   1.201795    (7, 3, 9, 7)
     7                   1.294978    (12, 3, 2, 4)
