    Gen  Spg_num   Spg_sym  Spg_num_opt Spg_sym_opt  E_eV_atom  Ef_eV_atom     Num_atom  Magmom      Opt
0     1      119     I-4m2          119       I-4m2  -6.031381   -0.501381    (7, 2, 1)     NaN     done
1     1      129    P4/nmm          129      P4/nmm  -5.088142   -1.313142    (2, 0, 6)     NaN     done
2     1       87      I4/m           87        I4/m  -5.390026   -1.440026   (3, 1, 10)     NaN     done
4     1      123    P4/mmm          123      P4/mmm  -5.470632   -1.310632   (0, 4, 11)     NaN     done
3     1      156      P3m1          156        P3m1  -5.500955   -0.960046   (5, 5, 12)     NaN     done
5     1      112     P-42c          112       P-42c  -6.003531   -1.303531  (12, 4, 12)     NaN     done
6     1      107      I4mm          107        I4mm  -7.084263   -1.312834    (0, 5, 2)     NaN     done
8     1      141  I4_1/amd          141    I4_1/amd  -6.932004   -1.242004   (6, 10, 4)     NaN     done
7     1      146        R3          146          R3  -6.227400   -1.550477  (12, 3, 11)     NaN     done
9     1       14    P2_1/c           14      P2_1/c  -6.440770   -1.529659    (4, 6, 8)     NaN     done
10    1       71      Immm          229       Im-3m  -5.964148   -0.464148    (3, 0, 0)     NaN     done
11    1       25      Pmm2            0        None        NaN         NaN    (0, 2, 7)     NaN  mindist
12    1      215     P-43m          215       P-43m  -5.213745   -0.557495    (7, 2, 7)     NaN     done
13    1      183      P6mm          183        P6mm  -7.164968   -1.084968    (0, 4, 1)     NaN     done
14    1      204      Im-3          204        Im-3  -4.567522    0.497863   (7, 9, 10)     NaN     done
15    1       38      Amm2          187       P-6m2  -6.716454   -1.549787    (1, 1, 1)     NaN     done
16    1      157      P31m          157        P31m  -5.334813   -1.019813   (5, 3, 12)     NaN     done
17    1      221     Pm-3m          221       Pm-3m  -5.395315   -0.091469   (5, 12, 9)     NaN     done
18    1      191    P6/mmm          191      P6/mmm  -5.533748   -0.790891    (0, 6, 8)     NaN     done
19    1       10      P2/m           10        P2/m  -7.601382   -1.432632   (5, 10, 1)     NaN     done